7432892 1 1
7432892 2 1
7432897 4 1
7432999 1 2
7432999 2 2
7433003 4 2
7433109 1 3
7433110 2 3
7433117 4 3
7433220 1 4
7433220 2 4
7433226 4 4
7433329 1 5
7433329 2 5
7433334 4 5
7433438 1 6
7433438 2 6
7433444 4 6
7433550 1 7
7433550 2 7
7433556 4 7
7433660 1 8
7433660 2 8
7433665 4 8
7433769 1 9
7433769 2 9
7433774 4 9
7433879 1 10
7433879 2 10
7433884 4 10
7433990 1 11
7433990 2 11
7433996 4 11
7434099 1 12
7434099 2 12
7434105 4 12
7434209 1 13
7434209 2 13
7434215 4 13
7434319 1 14
7434319 2 14
7434325 4 14
7434430 1 15
7434430 2 15
7434437 4 15
7434539 1 16
7434540 2 16
7434547 4 16
7434649 1 17
7434649 2 17
7434656 4 17
7434760 1 18
7434760 2 18
7434767 4 18
7434870 1 19
7434870 2 19
7434876 4 19
7434980 1 20
7434980 2 20
7434986 4 20
7435090 1 21
7435090 2 21
7435097 4 21
7435199 1 22
7435199 2 22
7435206 4 22
7435309 1 23
7435310 2 23
7435317 4 23
7435420 1 24
7435420 2 24
7435426 4 24
7435530 1 25
7435530 2 25
7435536 4 25
7435639 1 26
7435640 2 26
7435646 4 26
7435750 1 27
7435750 2 27
7435756 4 27
7435860 1 28
7435860 2 28
7435866 4 28
7435970 1 29
7435970 2 29
7435975 4 29
7436080 1 30
7436080 2 30
7436087 4 30
7436189 1 31
7436189 2 31
7436196 4 31
7436300 1 32
7436300 2 32
7436307 4 32
7436410 1 33
7436410 2 33
7436417 4 33
7436520 1 34
7436520 2 34
7436527 4 34
7436629 1 35
7436630 2 35
7436636 4 35
7436739 1 36
7436739 2 36
7436746 4 36
7436850 1 37
7436850 2 37
7436857 4 37
7436959 1 38
7436959 2 38
7436966 4 38
7437070 1 39
7437070 2 39
7437076 4 39
7437180 1 40
7437180 2 40
7437187 4 40
7437289 1 41
7437289 2 41
7437296 4 41
7437399 1 42
7437399 2 42
7437406 4 42
7437510 1 43
7437510 2 43
7437517 4 43
7437619 1 44
7437619 2 44
7437626 4 44
7437730 1 45
7437730 2 45
7437737 4 45
7437840 1 46
7437840 2 46
7437848 4 46
7437950 1 47
7437950 2 47
7437955 4 47
7438060 1 48
7438060 2 48
7438067 4 48
7438170 1 49
7438170 2 49
7438176 4 49
7438279 1 50
7438279 2 50
7438284 4 50
7438390 1 51
7438390 2 51
7438397 4 51
7438499 1 52
7438499 2 52
7438505 4 52
7438610 1 53
7438610 2 53
7438616 4 53
7438720 1 54
7438720 2 54
7438727 4 54
7438829 1 55
7438829 2 55
7438836 4 55
7438940 1 56
7438940 2 56
7438946 4 56
7439049 1 57
7439049 2 57
7439056 4 57
7439160 1 58
7439160 2 58
7439168 4 58
7439269 1 59
7439270 2 59
7439276 4 59
7439380 1 60
7439380 2 60
7439388 4 60
7439489 1 61
7439489 2 61
7439496 4 61
7439600 1 62
7439600 2 62
7439607 4 62
7439710 1 63
7439710 2 63
7439719 4 63
7439830 1 64
7439830 2 64
7439837 4 64
7439940 1 65
7439940 2 65
7439947 4 65
7440049 1 66
7440050 2 66
7440056 4 66
7440160 1 67
7440160 2 67
7440167 4 67
7440270 1 68
7440270 2 68
7440277 4 68
7440379 1 69
7440379 2 69
7440387 4 69
7440489 1 70
7440489 2 70
7440497 4 70
7440600 1 71
7440600 2 71
7440606 4 71
7440710 1 72
7440710 2 72
7440716 4 72
7440820 1 73
7440820 2 73
7440827 4 73
7440930 1 74
7440930 2 74
7440936 4 74
7441040 1 75
7441040 2 75
7441047 4 75
7441150 1 76
7441150 2 76
7441156 4 76
7441259 1 77
7441259 2 77
7441264 4 77
7441370 1 78
7441370 2 78
7441376 4 78
7441480 1 79
7441480 2 79
7441487 4 79
7441590 1 80
7441590 2 80
7441597 4 80
7441700 1 81
7441700 2 81
7441706 4 81
7441810 1 82
7441810 2 82
7441818 4 82
7441920 1 83
7441920 2 83
7441927 4 83
7442029 1 84
7442029 2 84
7442035 4 84
7442139 1 85
7442139 2 85
7442146 4 85
7442249 1 86
7442249 2 86
7442256 4 86
7442359 1 87
7442359 2 87
7442365 4 87
7442470 1 88
7442470 2 88
7442478 4 88
7442580 1 89
7442580 2 89
7442589 4 89
7442690 1 90
7442690 2 90
7442696 4 90
7442800 1 91
7442800 2 91
7442807 4 91
7442910 1 92
7442910 2 92
7442917 4 92
7443019 1 93
7443019 2 93
7443025 4 93
7443130 1 94
7443130 2 94
7443137 4 94
7443239 1 95
7443239 2 95
7443245 4 95
7443350 1 96
7443350 2 96
7443356 4 96
7443460 1 97
7443460 2 97
7443467 4 97
7443570 1 98
7443570 2 98
7443576 4 98
7443680 1 99
7443680 2 99
7443686 4 99
7443790 1 100
7443790 2 100
7443797 4 100
7443900 1 101
7443900 2 101
7443906 4 101
7444010 1 102
7444010 2 102
7444016 4 102
7444120 1 103
7444120 2 103
7444126 4 103
7444230 1 104
7444230 2 104
7444237 4 104
7444340 1 105
7444340 2 105
7444345 4 105
7444450 1 106
7444450 2 106
7444456 4 106
7444560 1 107
7444560 2 107
7444566 4 107
7444670 1 108
7444670 2 108
7444676 4 108
7444780 1 109
7444780 2 109
7444786 4 109
7444889 1 110
7444889 2 110
7444894 4 110
7444999 1 111
7445000 2 111
7445004 4 111
7445109 1 112
7445109 2 112
7445114 4 112
7445220 1 113
7445220 2 113
7445226 4 113
7445330 1 114
7445330 2 114
7445335 4 114
7445440 1 115
7445440 2 115
7445446 4 115
7445550 1 116
7445550 2 116
7445554 4 116
7445660 1 117
7445660 2 117
7445666 4 117
7445770 1 118
7445770 2 118
7445775 4 118
7445880 1 119
7445880 2 119
7445886 4 119
7445990 1 120
7445990 2 120
7445995 4 120
7446100 1 121
7446100 2 121
7446106 4 121
7446210 1 122
7446210 2 122
7446217 4 122
7446320 1 123
7446320 2 123
7446325 4 123
7446430 1 124
7446430 2 124
7446436 4 124
7446540 1 125
7446540 2 125
7446547 4 125
7446650 1 126
7446650 2 126
7446656 4 126
7446760 1 127
7446760 2 127
7446766 4 127
7446870 1 128
7446870 2 128
7446876 4 128
7446980 1 129
7446980 2 129
7446986 4 129
7447090 1 130
7447090 2 130
7447096 4 130
7447199 1 131
7447199 2 131
7447205 4 131
7447310 1 132
7447310 2 132
7447316 4 132
7447420 1 133
7447420 2 133
7447426 4 133
7447530 1 134
7447531 2 134
7447536 4 134
7447650 1 135
7447650 2 135
7447656 4 135
7447760 1 136
7447760 2 136
7447766 4 136
7447870 1 137
7447870 2 137
7447876 4 137
7447980 1 138
7447980 2 138
7447986 4 138
7448090 1 139
7448090 2 139
7448095 4 139
7448220 1 140
7448220 2 140
7448226 4 140
7448330 1 141
7448330 2 141
7448336 4 141
7448440 1 142
7448440 2 142
7448446 4 142
7448550 1 143
7448550 2 143
7448556 4 143
7448660 1 144
7448660 2 144
7448665 4 144
7448770 1 145
7448770 2 145
7448776 4 145
7448880 1 146
7448880 2 146
7448886 4 146
7449000 1 147
7449000 2 147
7449005 4 147
7449120 1 148
7449120 2 148
7449127 4 148
7449240 1 149
7449240 2 149
7449247 4 149
7449370 1 150
7449370 2 150
7449376 4 150
7449490 1 151
7449490 2 151
7449496 4 151
7449620 1 152
7449620 2 152
7449625 4 152
7449730 1 153
7449730 2 153
7449736 4 153
7449850 1 154
7449850 2 154
7449856 4 154
7449960 1 155
7449960 2 155
7449966 4 155
7450070 1 156
7450070 2 156
7450075 4 156
7450180 1 157
7450180 2 157
7450186 4 157
7450298 1 158
7450298 2 158
7450303 4 158
7450408 1 159
7450409 2 159
7450414 4 159
7450519 1 160
7450519 2 160
7450524 4 160
7450630 1 161
7450630 2 161
7450636 4 161
7450739 1 162
7450739 2 162
7450745 4 162
7450849 1 163
7450849 2 163
7450854 4 163
7450959 1 164
7450960 2 164
7450966 4 164
7451069 1 165
7451069 2 165
7451075 4 165
7451179 1 166
7451179 2 166
7451185 4 166
7451289 1 167
7451289 2 167
7451295 4 167
7451399 1 168
7451399 2 168
7451404 4 168
7451509 1 169
7451510 2 169
7451515 4 169
7451619 1 170
7451619 2 170
7451625 4 170
7451730 1 171
7451730 2 171
7451735 4 171
7451839 1 172
7451839 2 172
7451844 4 172
7451949 1 173
7451949 2 173
7451955 4 173
7452059 1 174
7452059 2 174
7452064 4 174
7452169 1 175
7452169 2 175
7452175 4 175
7452280 1 176
7452280 2 176
7452285 4 176
7452389 1 177
7452389 2 177
7452395 4 177
7452499 1 178
7452499 2 178
7452505 4 178
7452609 1 179
7452609 2 179
7452615 4 179
7452719 1 180
7452719 2 180
7452726 4 180
7452829 1 181
7452829 2 181
7452835 4 181
7452939 1 182
7452939 2 182
7452944 4 182
7453050 1 183
7453050 2 183
7453055 4 183
7453159 1 184
7453159 2 184
7453165 4 184
7453269 1 185
7453269 2 185
7453275 4 185
7453379 1 186
7453379 2 186
7453385 4 186
7453489 1 187
7453489 2 187
7453495 4 187
7453599 1 188
7453599 2 188
7453605 4 188
7453710 1 189
7453710 2 189
7453715 4 189
7453819 1 190
7453819 2 190
7453824 4 190
7453930 1 191
7453930 2 191
7453936 4 191
7454039 1 192
7454039 2 192
7454045 4 192
7454149 1 193
7454149 2 193
7454155 4 193
7454260 1 194
7454260 2 194
7454266 4 194
7454370 1 195
7454370 2 195
7454376 4 195
7454479 1 196
7454479 2 196
7454485 4 196
7454589 1 197
7454589 2 197
7454596 4 197
7454699 1 198
7454699 2 198
7454704 4 198
7454809 1 199
7454809 2 199
7454815 4 199
7454919 1 200
7454919 2 200
7454926 4 200
7455030 1 201
7455030 2 201
7455036 4 201
7455139 1 202
7455139 2 202
7455145 4 202
7455249 1 203
7455249 2 203
7455255 4 203
7455360 1 204
7455360 2 204
7455366 4 204
7455469 1 205
7455469 2 205
7455474 4 205
7455580 1 206
7455580 2 206
7455586 4 206
7455689 1 207
7455689 2 207
7455694 4 207
7455799 1 208
7455799 2 208
7455805 4 208
7455910 1 209
7455910 2 209
7455916 4 209
7456019 1 210
7456019 2 210
7456026 4 210
7456130 1 211
7456130 2 211
7456135 4 211
7456240 1 212
7456240 2 212
7456246 4 212
7456349 1 213
7456349 2 213
7456355 4 213
7456459 1 214
7456459 2 214
7456465 4 214
7456569 1 215
7456569 2 215
7456575 4 215
7456679 1 216
7456679 2 216
7456685 4 216
7456789 1 217
7456789 2 217
7456795 4 217
7456900 1 218
7456900 2 218
7456906 4 218
7457009 1 219
7457009 2 219
7457015 4 219
7457119 1 220
7457119 2 220
7457124 4 220
7457229 1 221
7457229 2 221
7457233 4 221
7457339 1 222
7457339 2 222
7457345 4 222
7457449 1 223
7457449 2 223
7457455 4 223
7457559 1 224
7457559 2 224
7457564 4 224
7457669 1 225
7457669 2 225
7457675 4 225
7457781 1 226
7457781 2 226
7457786 4 226
7457890 1 227
7457890 2 227
7457895 4 227
7458000 1 228
7458000 2 228
7458005 4 228
7458109 1 229
7458109 2 229
7458116 4 229
7458220 1 230
7458220 2 230
7458226 4 230
7458329 1 231
7458329 2 231
7458335 4 231
7458439 1 232
7458439 2 232
7458445 4 232
7458550 1 233
7458550 2 233
7458556 4 233
7458660 1 234
7458660 2 234
7458666 4 234
7458769 1 235
7458769 2 235
7458775 4 235
7458880 1 236
7458880 2 236
7458886 4 236
7458990 1 237
7458990 2 237
7458996 4 237
7459099 1 238
7459099 2 238
7459105 4 238
7459210 1 239
7459210 2 239
7459216 4 239
7459319 1 240
7459319 2 240
7459325 4 240
7459429 1 241
7459429 2 241
7459434 4 241
7459540 1 242
7459540 2 242
7459546 4 242
7459650 1 243
7459650 2 243
7459655 4 243
7459759 1 244
7459759 2 244
7459765 4 244
7459870 1 245
7459870 2 245
7459875 4 245
7459980 1 246
7459980 2 246
7459986 4 246
7460089 1 247
7460089 2 247
7460094 4 247
7460200 1 248
7460200 2 248
7460206 4 248
7460310 1 249
7460310 2 249
7460316 4 249
7460419 1 250
7460419 2 250
7460424 4 250
7460530 1 251
7460530 2 251
7460536 4 251
7460640 1 252
7460640 2 252
7460646 4 252
7460750 1 253
7460750 2 253
7460755 4 253
7460860 1 254
7460860 2 254
7460866 4 254
7460970 1 255
7460970 2 255
7460976 4 255
7461080 1 256
7461080 2 256
7461085 4 256
7461190 1 257
7461190 2 257
7461197 4 257
7461299 1 258
7461299 2 258
7461305 4 258
7461410 1 259
7461410 2 259
7461415 4 259
7461519 1 260
7461519 2 260
7461524 4 260
7461629 1 261
7461630 2 261
7461635 4 261
7461740 1 262
7461740 2 262
7461745 4 262
7461849 1 263
7461849 2 263
7461855 4 263
7461960 1 264
7461960 2 264
7461965 4 264
7462069 1 265
7462069 2 265
7462074 4 265
7462180 1 266
7462180 2 266
7462186 4 266
7462290 1 267
7462290 2 267
7462296 4 267
7462400 1 268
7462400 2 268
7462405 4 268
7462510 1 269
7462510 2 269
7462516 4 269
7462620 1 270
7462620 2 270
7462626 4 270
7462730 1 271
7462730 2 271
7462735 4 271
7462839 1 272
7462839 2 272
7462845 4 272
7462949 1 273
7462949 2 273
7462955 4 273
7463060 1 274
7463060 2 274
7463066 4 274
7463169 1 275
7463169 2 275
7463175 4 275
7463280 1 276
7463280 2 276
7463286 4 276
7463389 1 277
7463389 2 277
7463395 4 277
7463500 1 278
7463500 2 278
7463506 4 278
7463609 1 279
7463610 2 279
7463615 4 279
7463720 1 280
7463720 2 280
7463725 4 280
7463830 1 281
7463830 2 281
7463836 4 281
7463939 1 282
7463939 2 282
7463945 4 282
7464050 1 283
7464050 2 283
7464055 4 283
7464160 1 284
7464160 2 284
7464166 4 284
7464270 1 285
7464270 2 285
7464276 4 285
7464379 1 286
7464379 2 286
7464385 4 286
7464489 1 287
7464489 2 287
7464494 4 287
7464600 1 288
7464600 2 288
7464606 4 288
7464710 1 289
7464710 2 289
7464715 4 289
7464819 1 290
7464819 2 290
7464825 4 290
7464930 1 291
7464930 2 291
7464936 4 291
7465039 1 292
7465039 2 292
7465045 4 292
7465150 1 293
7465150 2 293
7465155 4 293
7465260 1 294
7465260 2 294
7465266 4 294
7465370 1 295
7465370 2 295
7465375 4 295
7465480 1 296
7465480 2 296
7465486 4 296
7465590 1 297
7465590 2 297
7465597 4 297
7465700 1 298
7465700 2 298
7465705 4 298
7465810 1 299
7465810 2 299
7465815 4 299
7465919 1 300
7465919 2 300
7465924 4 300
7466030 1 301
7466030 2 301
7466035 4 301
7466140 1 302
7466140 2 302
7466145 4 302
7466250 1 303
7466250 2 303
7466256 4 303
7466359 1 304
7466359 2 304
7466364 4 304
7466470 1 305
7466470 2 305
7466475 4 305
7466580 1 306
7466580 2 306
7466586 4 306
7466690 1 307
7466690 2 307
7466696 4 307
7466801 1 308
7466801 2 308
7466807 4 308
7466910 1 309
7466910 2 309
7466916 4 309
7467020 1 310
7467020 2 310
7467026 4 310
7467130 1 311
7467130 2 311
7467136 4 311
7467240 1 312
7467240 2 312
7467247 4 312
7467350 1 313
7467350 2 313
7467356 4 313
7467460 1 314
7467460 2 314
7467466 4 314
7467570 1 315
7467570 2 315
7467576 4 315
7467680 1 316
7467680 2 316
7467686 4 316
7467799 1 317
7467799 2 317
7467805 4 317
7467909 1 318
7467909 2 318
7467915 4 318
7468019 1 319
7468019 2 319
7468025 4 319
7468129 1 320
7468129 2 320
7468135 4 320
7468238 1 321
7468238 2 321
7468243 4 321
7468349 1 322
7468349 2 322
7468356 4 322
7468459 1 323
7468459 2 323
7468465 4 323
7468569 1 324
7468569 2 324
7468576 4 324
7468679 1 325
7468679 2 325
7468685 4 325
7468789 1 326
7468789 2 326
7468794 4 326
7468899 1 327
7468899 2 327
7468905 4 327
7469009 1 328
7469009 2 328
7469015 4 328
7469119 1 329
7469119 2 329
7469125 4 329
7469230 1 330
7469230 2 330
7469236 4 330
7469339 1 331
7469339 2 331
7469345 4 331
7469449 1 332
7469449 2 332
7469455 4 332
7469559 1 333
7469559 2 333
7469566 4 333
7469669 1 334
7469669 2 334
7469675 4 334
7469779 1 335
7469779 2 335
7469784 4 335
7469889 1 336
7469889 2 336
7469896 4 336
7469999 1 337
7469999 2 337
7470005 4 337
7470109 1 338
7470109 2 338
7470115 4 338
7470219 1 339
7470219 2 339
7470225 4 339
7470329 1 340
7470329 2 340
7470335 4 340
7470439 1 341
7470439 2 341
7470444 4 341
7470548 1 342
7470558 2 342
7470562 4 342
7470659 1 343
7470659 2 343
7470666 4 343
7470769 1 344
7470769 2 344
7470774 4 344
7470889 1 345
7470889 2 345
7470894 4 345
7470999 1 346
7470999 2 346
7471005 4 346
7471109 1 347
7471109 2 347
7471116 4 347
7471219 1 348
7471219 2 348
7471225 4 348
7471339 1 349
7471339 2 349
7471345 4 349
7471459 1 350
7471459 2 350
7471464 4 350
7471569 1 351
7471569 2 351
7471574 4 351
7471680 1 352
7471680 2 352
7471686 4 352
7471789 1 353
7471789 2 353
7471795 4 353
7471909 1 354
7471909 2 354
7471915 4 354
7472029 1 355
7472029 2 355
7472035 4 355
7472149 1 356
7472149 2 356
7472155 4 356
7472269 1 357
7472269 2 357
7472274 4 357
7472380 1 358
7472380 2 358
7472385 4 358
